QOI: T_1_2 0.809859 0.720835 0.948606 68 54 10 4 0.920141 0.114298
QOI: F_1_2 0.190476 0.14414 -1.78133 60 9 48 3 0.858668 0.123529
QOI: T_2_0 0.808642 0.755074 1.12586 78 62 12 4 0.962467 0.105125
QOI: F_2_3 0.189394 0.143224 -1.78877 63 9 50 4 0.885367 0.119822
QOI: T_3_3 0.813333 0.745915 1.07694 72 58 11 3 0.940714 0.110367
QOI: F_3_2 0.185897 0.153481 -1.70756 75 11 60 4 0.952767 0.107657
QOI: T_4_1 0.8125 0.760878 1.1575 77 62 12 3 0.959467 0.10595
QOI: F_4_3 0.191358 0.160959 -1.65111 78 12 62 4 0.962467 0.105125
QOI: T_5_0 0.806452 0.665095 0.686083 59 47 9 3 0.848678 0.124841
QOI: F_5_3 0.184615 0.14237 -1.79575 62 9 50 3 0.876994 0.121022
QOI: F_6_3 0.188312 0.154949 -1.6963 74 11 59 4 0.949033 0.108539
QOI: T_7_1 0.793103 0.729853 0.993878 84 63 12 9 0.976438 0.10052
QOI: F_7_2 0.190141 0.150606 -1.72985 68 10 54 4 0.920141 0.114298
QOI: T_8_1 0.785714 0.707705 0.884264 81 59 11 11 0.970237 0.102751
QOI: F_8_3 0.190789 0.156414 -1.68515 73 11 58 4 0.945022 0.109442
QOI: T_9_0 0.760563 0.631645 0.539282 68 46 9 13 0.920141 0.114298
QOI: F_9_1 0.189024 0.159389 -1.66278 79 12 63 4 0.965252 0.104317
QOI: T_10_2 0.771084 0.682122 0.76354 80 56 11 13 0.967838 0.103526
QOI: F_10_3 0.182353 0.154729 -1.69798 82 12 66 4 0.972462 0.101993
QOI: T_11_2 0.811594 0.717018 0.929716 66 53 10 3 0.907566 0.116419
QOI: F_11_1 0.19403 0.153735 -1.7056 64 10 51 3 0.89324 0.118656
QOI: T_12_1 0.808219 0.733204 1.01094 70 56 11 3 0.931136 0.112284
QOI: F_12_0 0.189394 0.143224 -1.78877 63 9 50 4 0.885367 0.119822
QOI: T_13_1 0.795181 0.723775 0.963267 80 60 11 9 0.967838 0.103526
QOI: F_13_3 0.188406 0.151433 -1.7234 66 10 53 3 0.907566 0.116419
QOI: T_14_3 0.775281 0.6894 0.797316 86 60 11 15 0.979851 0.0991046
QOI: F_14_0 0.190141 0.150606 -1.72985 68 10 54 4 0.920141 0.114298
QOI: T_15_3 0.8125 0.760878 1.1575 77 62 12 3 0.959467 0.10595
QOI: F_15_3 0.190141 0.150606 -1.72985 68 10 54 4 0.920141 0.114298
QOI: T_16_2 0.760274 0.635326 0.555133 70 47 9 14 0.931136 0.112284
QOI: F_16_0 0.1875 0.161211 -1.64925 77 12 62 3 0.959467 0.10595
QOI: T_17_2 0.795181 0.723775 0.963267 80 60 11 9 0.967838 0.103526
QOI: F_17_2 0.196721 0.145671 -1.76897 58 9 46 3 0.838115 0.126194
QOI: T_18_2 0.809524 0.675696 0.734061 60 48 9 3 0.858668 0.123529
QOI: F_18_0 0.193548 0.144938 -1.77487 59 9 47 3 0.848678 0.124841
QOI: T_19_3 0.809859 0.720835 0.948606 68 54 10 4 0.920141 0.114298
QOI: F_19_0 0.185714 0.150229 -1.7328 67 10 54 3 0.914062 0.115345
QOI: T_20_2 0.8125 0.760878 1.1575 77 62 12 3 0.959467 0.10595
QOI: F_20_1 0.186747 0.157826 -1.6745 80 12 64 4 0.967838 0.103526
QOI: T_21_2 0.810811 0.739711 1.04447 71 57 11 3 0.936092 0.111314
QOI: F_21_0 0.19403 0.153735 -1.7056 64 10 51 3 0.89324 0.118656
QOI: T_22_1 0.809211 0.740835 1.05031 73 58 11 4 0.945022 0.109442
QOI: F_22_1 0.186667 0.1564 -1.68526 72 11 58 3 0.940714 0.110367
QOI: T_23_0 0.808824 0.708876 0.889933 65 52 10 3 0.900632 0.117522
QOI: F_23_3 0.190476 0.14414 -1.78133 60 9 48 3 0.858668 0.123529
QOI: T_24_2 0.8 0.730195 0.995614 77 59 11 7 0.959467 0.10595
QOI: F_24_1 0.189024 0.159389 -1.66278 79 12 63 4 0.965252 0.104317
QOI: T_25_1 0.778481 0.68331 0.769024 76 54 10 12 0.956239 0.106794
QOI: F_25_3 0.190476 0.14414 -1.78133 60 9 48 3 0.858668 0.123529
QOI: T_26_3 0.809211 0.740835 1.05031 73 58 11 4 0.945022 0.109442
QOI: F_26_1 0.189024 0.159389 -1.66278 79 12 63 4 0.965252 0.104317
QOI: T_27_2 0.809211 0.740835 1.05031 73 58 11 4 0.945022 0.109442
QOI: T_28_1 0.772152 0.672557 0.719774 76 53 10 13 0.956239 0.106794
QOI: F_28_3 0.190476 0.14414 -1.78133 60 9 48 3 0.858668 0.123529
QOI: T_29_2 0.808824 0.708876 0.889933 65 52 10 3 0.900632 0.117522
QOI: F_29_0 0.183544 0.152011 -1.71892 76 11 61 4 0.956239 0.106794
QOI: T_30_3 0.808219 0.733204 1.01094 70 56 11 3 0.931136 0.112284
QOI: F_30_0 0.184524 0.156272 -1.68623 81 12 65 4 0.970237 0.102751
QOI: T_31_0 0.8125 0.727953 0.984263 69 55 10 4 0.925826 0.113278
QOI: F_31_1 0.1875 0.149312 -1.74001 69 10 55 4 0.925826 0.113278
QOI: T_32_2 0.816456 0.757225 1.13753 76 61 11 4 0.956239 0.106794
QOI: F_32_1 0.1875 0.161211 -1.64925 77 12 62 3 0.959467 0.10595
QOI: T_33_3 0.813333 0.745915 1.07694 72 58 11 3 0.940714 0.110367
QOI: F_33_0 0.190789 0.156414 -1.68515 73 11 58 4 0.945022 0.109442
QOI: T_34_1 0.815476 0.768445 1.19955 81 65 12 4 0.970237 0.102751
QOI: F_34_1 0.189024 0.159389 -1.66278 79 12 63 4 0.965252 0.104317
QOI: T_35_3 0.8125 0.727953 0.984263 69 55 10 4 0.925826 0.113278
QOI: F_35_2 0.185393 0.159702 -1.66045 86 13 69 4 0.979851 0.0991046
QOI: T_36_1 0.810811 0.739711 1.04447 71 57 11 3 0.936092 0.111314
QOI: F_36_3 0.185393 0.159702 -1.66045 86 13 69 4 0.979851 0.0991046
QOI: T_37_3 0.810811 0.739711 1.04447 71 57 11 3 0.936092 0.111314
QOI: F_37_1 0.1875 0.149312 -1.74001 69 10 55 4 0.925826 0.113278
QOI: T_38_3 0.809859 0.720835 0.948606 68 54 10 4 0.920141 0.114298
QOI: F_38_3 0.186047 0.154376 -1.70068 83 12 66 5 0.974525 0.101249
QOI: T_39_1 0.808219 0.733204 1.01094 70 56 11 3 0.931136 0.112284
QOI: F_39_1 0.189024 0.159389 -1.66278 79 12 63 4 0.965252 0.104317
QOI: T_40_1 0.806452 0.665095 0.686083 59 47 9 3 0.848678 0.124841
QOI: F_40_0 0.183544 0.152011 -1.71892 76 11 61 4 0.956239 0.106794
QOI: T_41_0 0.810976 0.759728 1.15119 79 63 12 4 0.965252 0.104317
QOI: F_41_2 0.183544 0.152011 -1.71892 76 11 61 4 0.956239 0.106794
QOI: F_42_3 0.184524 0.156272 -1.68623 81 12 65 4 0.970237 0.102751
QOI: T_43_1 0.808219 0.733204 1.01094 70 56 11 3 0.931136 0.112284
QOI: F_43_2 0.19403 0.153735 -1.7056 64 10 51 3 0.89324 0.118656
QOI: T_44_1 0.8125 0.772676 1.22348 85 68 13 4 0.97821 0.0998055
QOI: F_44_3 0.191358 0.160959 -1.65111 78 12 62 4 0.962467 0.105125
QOI: T_45_1 0.810811 0.739711 1.04447 71 57 11 3 0.936092 0.111314
QOI: F_45_0 0.185714 0.150229 -1.7328 67 10 54 3 0.914062 0.115345
QOI: T_46_1 0.814286 0.724782 0.968309 67 54 10 3 0.914062 0.115345
QOI: T_47_0 0.811688 0.746554 1.08032 74 59 11 4 0.949033 0.108539
QOI: F_47_2 0.191358 0.160959 -1.65111 78 12 62 4 0.962467 0.105125
QOI: T_48_2 0.810976 0.759728 1.15119 79 63 12 4 0.965252 0.104317
QOI: F_48_0 0.190789 0.156414 -1.68515 73 11 58 4 0.945022 0.109442
QOI: T_49_0 0.811688 0.746554 1.08032 74 59 11 4 0.949033 0.108539
QOI: F_49_1 0.189024 0.159389 -1.66278 79 12 63 4 0.965252 0.104317
QOI: T_50_3 0.813253 0.764182 1.17574 80 64 12 4 0.967838 0.103526
QOI: F_50_2 0.183544 0.152011 -1.71892 76 11 61 4 0.956239 0.106794
QOI: T_51_2 0.773333 0.669887 0.707675 72 51 10 11 0.940714 0.110367
QOI: F_51_2 0.19403 0.153735 -1.7056 64 10 51 3 0.89324 0.118656
QOI: T_52_2 0.808219 0.733204 1.01094 70 56 11 3 0.931136 0.112284
QOI: F_52_1 0.185714 0.150229 -1.7328 67 10 54 3 0.914062 0.115345
QOI: T_53_0 0.810976 0.759728 1.15119 79 63 12 4 0.965252 0.104317
QOI: F_53_0 0.184615 0.14237 -1.79575 62 9 50 3 0.876994 0.121022
QOI: F_54_1 0.185897 0.153481 -1.70756 75 11 60 4 0.952767 0.107657
QOI: T_55_2 0.816456 0.757225 1.13753 76 61 11 4 0.956239 0.106794
QOI: F_55_0 0.185897 0.153481 -1.70756 75 11 60 4 0.952767 0.107657
QOI: T_56_2 0.791667 0.718032 0.934722 81 60 11 10 0.970237 0.102751
QOI: F_56_2 0.185714 0.150229 -1.7328 67 10 54 3 0.914062 0.115345
QOI: T_57_3 0.8125 0.727953 0.984263 69 55 10 4 0.925826 0.113278
QOI: F_57_1 0.1875 0.149312 -1.74001 69 10 55 4 0.925826 0.113278
QOI: T_58_0 0.808824 0.708876 0.889933 65 52 10 3 0.900632 0.117522
QOI: F_58_3 0.1875 0.149312 -1.74001 69 10 55 4 0.925826 0.113278
QOI: T_59_3 0.809859 0.720835 0.948606 68 54 10 4 0.920141 0.114298
QOI: F_59_2 0.188312 0.154949 -1.6963 74 11 59 4 0.949033 0.108539
QOI: T_60_1 0.813253 0.764182 1.17574 80 64 12 4 0.967838 0.103526
QOI: T_61_0 0.8125 0.727953 0.984263 69 55 10 4 0.925826 0.113278
QOI: F_61_1 0.190789 0.156414 -1.68515 73 11 58 4 0.945022 0.109442
QOI: T_62_3 0.808219 0.733204 1.01094 70 56 11 3 0.931136 0.112284
QOI: F_62_0 0.191781 0.159216 -1.66407 70 11 56 3 0.931136 0.112284
QOI: T_63_2 0.810606 0.693225 0.815239 63 50 9 4 0.885367 0.119822
QOI: F_63_0 0.184524 0.156272 -1.68623 81 12 65 4 0.970237 0.102751
QOI: T_64_3 0.810976 0.759728 1.15119 79 63 12 4 0.965252 0.104317
QOI: F_64_2 0.189189 0.157816 -1.67457 71 11 57 3 0.936092 0.111314
QOI: T_65_3 0.788462 0.69922 0.843586 75 55 10 10 0.952767 0.107657
QOI: F_65_1 0.184524 0.156272 -1.68623 81 12 65 4 0.970237 0.102751
QOI: T_66_0 0.811594 0.717018 0.929716 66 53 10 3 0.907566 0.116419
QOI: F_66_3 0.196078 0.120893 -1.984 48 7 38 3 0.699363 0.14266
QOI: T_67_3 0.793333 0.703101 0.862109 72 54 10 8 0.940714 0.110367
QOI: F_67_2 0.185897 0.153481 -1.70756 75 11 60 4 0.952767 0.107657
QOI: T_68_3 0.764706 0.620202 0.490407 65 44 8 13 0.900632 0.117522
QOI: F_68_0 0.190789 0.156414 -1.68515 73 11 58 4 0.945022 0.109442
QOI: T_69_3 0.808219 0.733204 1.01094 70 56 11 3 0.931136 0.112284
QOI: T_70_0 0.8125 0.685845 0.780763 61 49 9 3 0.868101 0.122257
QOI: F_70_0 0.188312 0.154949 -1.6963 74 11 59 4 0.949033 0.108539
QOI: T_71_3 0.811594 0.717018 0.929716 66 53 10 3 0.907566 0.116419
QOI: F_71_3 0.191358 0.160959 -1.65111 78 12 62 4 0.962467 0.105125
QOI: T_72_0 0.808642 0.755074 1.12586 78 62 12 4 0.962467 0.105125
QOI: F_72_0 0.190789 0.156414 -1.68515 73 11 58 4 0.945022 0.109442
QOI: T_73_2 0.80597 0.700345 0.848939 64 51 10 3 0.89324 0.118656
QOI: F_73_1 0.186667 0.1564 -1.68526 72 11 58 3 0.940714 0.110367
QOI: T_74_1 0.808219 0.733204 1.01094 70 56 11 3 0.931136 0.112284
QOI: F_74_3 0.185897 0.153481 -1.70756 75 11 60 4 0.952767 0.107657
QOI: T_75_3 0.808219 0.733204 1.01094 70 56 11 3 0.931136 0.112284
QOI: F_75_2 0.185897 0.153481 -1.70756 75 11 60 4 0.952767 0.107657
QOI: T_76_1 0.814103 0.752013 1.10938 75 60 11 4 0.952767 0.107657
QOI: F_76_1 0.191667 0.144207 -1.78078 57 9 46 2 0.826965 0.127591
QOI: T_77_1 0.817647 0.772529 1.22264 82 66 12 4 0.972462 0.101993
QOI: T_78_1 0.763889 0.639243 0.572082 69 47 9 13 0.925826 0.113278
QOI: F_78_2 0.189024 0.159389 -1.66278 79 12 63 4 0.965252 0.104317
QOI: T_79_2 0.811688 0.746554 1.08032 74 59 11 4 0.949033 0.108539
QOI: F_79_2 0.194444 0.132165 -1.88195 51 8 41 2 0.747301 0.137059
QOI: T_80_2 0.786585 0.708504 0.888131 79 58 11 10 0.965252 0.104317
QOI: F_80_0 0.189189 0.157816 -1.67457 71 11 57 3 0.936092 0.111314
QOI: T_81_1 0.808824 0.708876 0.889933 65 52 10 3 0.900632 0.117522
QOI: F_81_0 0.190909 0.13209 -1.8826 52 8 42 2 0.762107 0.135335
QOI: T_82_3 0.803922 0.545996 0.184506 48 38 7 3 0.699363 0.14266
QOI: F_82_0 0.190789 0.156414 -1.68515 73 11 58 4 0.945022 0.109442
QOI: T_83_3 0.813253 0.764182 1.17574 80 64 12 4 0.967838 0.103526
QOI: F_83_2 0.182353 0.154729 -1.69798 82 12 66 4 0.972462 0.101993
QOI: T_84_0 0.809091 0.603211 0.418864 52 42 8 2 0.762107 0.135335
QOI: F_84_1 0.184524 0.156272 -1.68623 81 12 65 4 0.970237 0.102751
QOI: T_85_1 0.794118 0.53508 0.140553 48 37 7 4 0.699363 0.14266
QOI: F_85_0 0.190789 0.156414 -1.68515 73 11 58 4 0.945022 0.109442
QOI: T_86_3 0.809091 0.603211 0.418864 52 42 8 2 0.762107 0.135335
QOI: F_86_2 0.190909 0.13209 -1.8826 52 8 42 2 0.762107 0.135335
QOI: T_87_0 0.809524 0.675696 0.734061 60 48 9 3 0.858668 0.123529
QOI: F_87_3 0.192982 0.133988 -1.86615 54 8 43 3 0.789891 0.132073
QOI: T_88_3 0.816456 0.757225 1.13753 76 61 11 4 0.956239 0.106794
QOI: F_88_2 0.1875 0.149312 -1.74001 69 10 55 4 0.925826 0.113278
QOI: T_89_1 0.771605 0.672994 0.721759 78 54 10 14 0.962467 0.105125
QOI: F_89_2 0.188406 0.151433 -1.7234 66 10 53 3 0.907566 0.116419
QOI: T_90_3 0.802083 0.50776 0.0310405 45 36 7 2 0.646632 0.149023
QOI: T_91_3 0.803279 0.654036 0.636826 58 46 9 3 0.838115 0.126194
QOI: F_91_2 0.208333 0.0843484 -2.38468 33 5 26 2 0.411993 0.188195
QOI: T_92_3 0.808642 0.755074 1.12586 78 62 12 4 0.962467 0.105125
QOI: F_92_0 0.1875 0.161211 -1.64925 77 12 62 3 0.959467 0.10595
QOI: T_93_3 0.803571 0.60564 0.429023 53 42 8 3 0.776306 0.133675
QOI: F_93_3 0.189189 0.157816 -1.67457 71 11 57 3 0.936092 0.111314
QOI: F_94_3 0.191358 0.160959 -1.65111 78 12 62 4 0.962467 0.105125
QOI: T_95_1 0.803571 0.60564 0.429023 53 42 8 3 0.776306 0.133675
QOI: F_95_3 0.190141 0.150606 -1.72985 68 10 54 4 0.920141 0.114298
QOI: T_96_0 0.8125 0.760878 1.1575 77 62 12 3 0.959467 0.10595
QOI: F_96_0 0.202703 0.0848562 -2.37812 34 5 27 2 0.4315 0.183559
QOI: T_97_1 0.807692 0.561525 0.247354 49 39 7 3 0.715911 0.140716
QOI: F_97_2 0.192308 0.0859635 -2.36395 36 5 29 2 0.471099 0.175327
QOI: T_98_0 0.798701 0.724723 0.968013 74 57 11 6 0.949033 0.108539
QOI: F_98_3 0.186441 0.133103 -1.8738 56 8 45 3 0.815216 0.129035
QOI: T_99_3 0.813333 0.745915 1.07694 72 58 11 3 0.940714 0.110367
QOI: F_99_3 0.184615 0.14237 -1.79575 62 9 50 3 0.876994 0.121022
QOI: T_100_0 0.811688 0.746554 1.08032 74 59 11 4 0.949033 0.108539
QOI: F_100_0 0.183544 0.152011 -1.71892 76 11 61 4 0.956239 0.106794
QOI: F_101_1 0.191781 0.159216 -1.66407 70 11 56 3 0.931136 0.112284
QOI: T_102_0 0.803571 0.60564 0.429023 53 42 8 3 0.776306 0.133675
QOI: F_102_2 0.202703 0.0848562 -2.37812 34 5 27 2 0.4315 0.183559
QOI: T_103_2 0.8 0.314028 -0.781354 32 26 5 1 0.392758 0.193254
QOI: F_103_2 0.196429 0.134312 -1.86336 53 8 42 3 0.776306 0.133675
QOI: T_104_2 0.813953 0.766287 1.18746 83 66 12 5 0.974525 0.101249
QOI: F_104_1 0.217391 0.0431509 -3.09894 20 3 16 1 0.198494 0.0992471
QOI: T_105_1 0.817647 0.772529 1.22264 82 66 12 4 0.972462 0.101993
QOI: F_105_2 0.202381 0.100288 -2.19403 39 6 31 2 0.531027 0.164971
QOI: T_106_0 0.775362 0.64991 0.618642 66 47 9 10 0.907566 0.116419
QOI: F_106_1 0.188406 0.151433 -1.7234 66 10 53 3 0.907566 0.116419
QOI: T_107_1 0.780702 0.575163 0.302948 54 39 7 8 0.789891 0.132073
QOI: F_107_2 0.189394 0.143224 -1.78877 63 9 50 4 0.885367 0.119822
QOI: T_108_1 0.816456 0.757225 1.13753 76 61 11 4 0.956239 0.106794
QOI: F_108_3 0.185897 0.153481 -1.70756 75 11 60 4 0.952767 0.107657
QOI: T_109_0 0.790323 0.258359 -1.05451 28 22 4 2 0.319574 0.219651
QOI: F_109_3 0.193878 0.117509 -2.01623 46 7 37 2 0.664691 0.146806
QOI: T_110_2 0.806818 0.451758 -0.193571 41 33 6 2 0.570592 0.159069
QOI: F_110_0 0.19 0.117846 -2.01299 47 7 38 2 0.68228 0.144687
QOI: T_111_0 0.802326 0.434074 -0.265249 40 32 6 2 0.55089 0.161934
QOI: F_111_0 0.190141 0.150606 -1.72985 68 10 54 4 0.920141 0.114298
QOI: T_112_1 0.809859 0.720835 0.948606 68 54 10 4 0.920141 0.114298
QOI: F_112_0 0.190789 0.156414 -1.68515 73 11 58 4 0.945022 0.109442
QOI: T_113_3 0.8 0.38916 -0.450846 37 30 6 1 0.491068 0.171643
QOI: F_113_3 0.188406 0.151433 -1.7234 66 10 53 3 0.907566 0.116419
QOI: T_114_1 0.814286 0.724782 0.968309 67 54 10 3 0.914062 0.115345
QOI: F_114_3 0.189024 0.159389 -1.66278 79 12 63 4 0.965252 0.104317
QOI: T_115_2 0.808642 0.755074 1.12586 78 62 12 4 0.962467 0.105125
QOI: F_115_3 0.193182 0.101622 -2.17933 41 6 33 2 0.570592 0.159069
QOI: T_116_1 0.814607 0.776237 1.24387 86 69 13 4 0.979851 0.0991046
QOI: F_116_3 0.1875 0.149312 -1.74001 69 10 55 4 0.925826 0.113278
QOI: T_117_2 0.811594 0.717018 0.929716 66 53 10 3 0.907566 0.116419
QOI: F_117_2 0.193548 0.144938 -1.77487 59 9 47 3 0.848678 0.124841
QOI: T_118_3 0.808219 0.733204 1.01094 70 56 11 3 0.931136 0.112284
QOI: F_118_3 0.186667 0.1564 -1.68526 72 11 58 3 0.940714 0.110367
QOI: F_119_2 0.191358 0.160959 -1.65111 78 12 62 4 0.962467 0.105125
QOI: F_120_1 0.196721 0.145671 -1.76897 58 9 46 3 0.838115 0.126194







