HonestReporter: 50 0.99229  7  6 1
HonestReporter: 54 0.908204  12  10 2
HonestReporter: 60 0.677215  32  32 0
HonestReporter: 61 0.99588  12  12 0
HonestReporter: 62 0.950475  22  22 0
HonestReporter: 63 0.986926  8  8 0
HonestReporter: 64 0.996482  9  9 0
HonestReporter: 65 0.689449  29  29 0
HonestReporter: 66 0.664413  32  32 0
HonestReporter: 67 0.825187  25  25 0
HonestReporter: 68 0.989012  18  18 0
HonestReporter: 69 0.979892  15  15 0
HonestReporter: 70 0.9427  21  21 0
HonestReporter: 71 0.779683  28  28 0
HonestReporter: 72 0.984777  13  13 0
HonestReporter: 73 0.827514  24  24 0
HonestReporter: 74 0.978772  11  11 0
HonestReporter: 75 0.77023  28  28 0
HonestReporter: 76 0.9958  12  12 0
HonestReporter: 77 0.905541  21  21 0
HonestReporter: 78 0.836305  26  26 0
HonestReporter: 79 0.987428  7  7 0
HonestReporter: 80 0.86839  2  2 0
HonestReporter: 81 0.980973  16  16 0
HonestReporter: 82 0.894913  21  21 0
HonestReporter: 83 0.953723  16  16 0
HonestReporter: 84 0.852132  24  24 0
HonestReporter: 85 0.825272  22  22 0
HonestReporter: 86 0.887813  22  22 0
HonestReporter: 87 0.823364  26  26 0
HonestReporter: 88 0.819273  27  27 0
HonestReporter: 89 0.959714  15  15 0
HonestReporter: 90 0.909131  20  20 0
HonestReporter: 91 0.749028  28  28 0
HonestReporter: 92 0.841821  22  22 0
HonestReporter: 93 0.932726  24  24 0
HonestReporter: 94 0.980809  12  12 0
HonestReporter: 95 0.798208  28  28 0
HonestReporter: 96 0.965053  15  15 0
HonestReporter: 97 0.953825  16  16 0
HonestReporter: 98 0.977712  12  12 0
HonestReporter: 99 0.699128  31  31 0
HonestReporter: 135 0.998338  6  6 0
HonestReporter: 146 0.971628  5  4 1
HonestReporter: 150 0.646154  1  1 0
HonestReporter: 155 0.974513  3  3 0
HonestReporter: 156 0.901344  2  2 0
HonestReporter: 160 0.993831  15  15 0
HonestReporter: 161 0.997071  10  10 0
HonestReporter: 162 0.99123  18  18 0
HonestReporter: 163 0.996156  12  12 0
HonestReporter: 164 0.995935  13  13 0
HonestReporter: 168 0.992914  4  4 0
HonestReporter: 169 0.988103  19  19 0
HonestReporter: 171 0.992786  4  4 0
HonestReporter: 172 0.988035  18  18 0
HonestReporter: 173 0.987876  12  12 0
HonestReporter: 174 0.998303  8  8 0
HonestReporter: 175 0.99646  11  11 0
HonestReporter: 177 0.646154  1  1 0
HonestReporter: 178 0.974415  3  3 0
HonestReporter: 179 0.97478  3  3 0
HonestReporter: 181 0.995484  13  13 0
HonestReporter: 182 0.992044  17  17 0
HonestReporter: 183 0.997677  5  5 0
HonestReporter: 186 0.993197  4  4 0
HonestReporter: 187 0.896771  2  2 0
HonestReporter: 188 0.993545  14  14 0
HonestReporter: 189 0.998196  6  6 0
HonestReporter: 192 0.897783  2  2 0
HonestReporter: 194 0.980092  14  14 0
HonestReporter: 195 0.997646  10  10 0
HonestReporter: 196 0.955728  21  21 0
HonestReporter: 197 0.993363  4  4 0
HonestReporter: 199 0.99597  13  13 0
HonestReporter: 230 0.64557  1  1 0
HonestReporter: 236 0.99  8  7 1
HonestReporter: 240 0.892963  2  2 0
HonestReporter: 241 0.64557  1  1 0
HonestReporter: 243 0.965589  5  4 1
HonestReporter: 250 0.990396  7  6 1
HonestReporter: 254 0.898005  2  2 0
HonestReporter: 255 0.642857  1  1 0
HonestReporter: 256 0.973688  3  3 0
HonestReporter: 260 0.998117  9  9 0
HonestReporter: 261 0.98076  20  20 0
HonestReporter: 262 0.998164  7  7 0
HonestReporter: 263 0.973289  18  18 0
HonestReporter: 264 0.649351  1  1 0
HonestReporter: 265 0.895318  2  2 0
HonestReporter: 266 0.898005  2  2 0
HonestReporter: 267 0.991862  16  16 0
HonestReporter: 268 0.997253  9  9 0
HonestReporter: 270 0.993998  14  14 0
HonestReporter: 272 0.988098  17  17 0
HonestReporter: 273 0.993745  13  13 0
HonestReporter: 275 0.9922  4  4 0
HonestReporter: 276 0.997568  7  7 0
HonestReporter: 277 0.973485  3  3 0
HonestReporter: 278 0.991121  15  15 0
HonestReporter: 281 0.898005  2  2 0
HonestReporter: 282 0.996175  13  13 0
HonestReporter: 283 0.992648  14  14 0
HonestReporter: 285 0.992472  10  10 0
HonestReporter: 286 0.996536  11  11 0
HonestReporter: 287 0.997517  9  9 0
HonestReporter: 288 0.993773  13  13 0
HonestReporter: 289 0.972062  3  3 0
HonestReporter: 292 0.973485  3  3 0
HonestReporter: 293 0.898005  2  2 0
HonestReporter: 296 0.947461  20  20 0
HonestReporter: 298 0.898005  2  2 0
HonestReporter: 335 0.9  2  2 0
HonestReporter: 337 0.644068  1  1 0
HonestReporter: 360 0.997081  5  5 0
HonestReporter: 365 0.896089  2  2 0
HonestReporter: 370 0.986843  19  19 0
HonestReporter: 375 0.992513  4  4 0
HonestReporter: 379 0.974033  3  3 0
HonestReporter: 380 0.972821  3  3 0
HonestReporter: 383 0.974033  3  3 0
HonestReporter: 384 0.893979  2  2 0
HonestReporter: 386 0.997978  8  8 0
HonestReporter: 390 0.992962  4  4 0
HonestReporter: 391 0.992839  4  4 0
HonestReporter: 392 0.973747  3  3 0
HonestReporter: 394 0.994686  14  14 0
HonestReporter: 396 0.974033  3  3 0
HonestReporter: 397 0.997535  10  10 0
MaliciousReporter: 0 -0.996995  11  0 11
MaliciousReporter: 1 -0.351573  40  1 39
MaliciousReporter: 2 -0.136716  34  3 31
MaliciousReporter: 3 -0.876399  34  0 34
MaliciousReporter: 4 -0.998158  6  0 6
MaliciousReporter: 5 -0.284488  33  1 32
MaliciousReporter: 6 -0.265978  27  3 24
MaliciousReporter: 7 -0.991486  8  1 7
MaliciousReporter: 8 -0.941399  22  1 21
MaliciousReporter: 9 -0.983919  20  0 20
MaliciousReporter: 10 -0.98648  11  1 10
MaliciousReporter: 11 -0.99501  13  0 13
MaliciousReporter: 12 -0.902153  31  0 31
MaliciousReporter: 13 -0.957471  26  0 26
MaliciousReporter: 14 -0.993403  14  0 14
MaliciousReporter: 15 -0.99171  15  0 15
MaliciousReporter: 16 -0.955313  18  1 17
MaliciousReporter: 17 -0.99694  11  0 11
MaliciousReporter: 18 -0.134235  39  2 37
MaliciousReporter: 19 -0.878301  23  1 22
MaliciousReporter: 20 -0.808613  36  0 36
MaliciousReporter: 21 -0.714942  21  2 19
MaliciousReporter: 22 -0.745563  30  1 29
MaliciousReporter: 23 -0.981638  22  0 22
MaliciousReporter: 24 -0.972991  23  0 23
MaliciousReporter: 25 -0.984593  11  1 10
MaliciousReporter: 26 -0.992085  11  1 10
MaliciousReporter: 27 -0.688053  31  1 30
MaliciousReporter: 28 -0.814939  19  2 17
MaliciousReporter: 29 -0.978217  13  1 12
MaliciousReporter: 43 -0.65  1  0 1
MaliciousReporter: 100 -0.99701  10  0 10
MaliciousReporter: 101 -0.989297  18  0 18
MaliciousReporter: 104 -0.89982  2  0 2
MaliciousReporter: 105 -0.992022  4  0 4
MaliciousReporter: 106 -0.894314  2  0 2
MaliciousReporter: 108 -0.0880692  23  4 19
MaliciousReporter: 109 -0.647059  1  0 1
MaliciousReporter: 110 -0.940019  13  1 12
MaliciousReporter: 112 -0.647059  1  0 1
MaliciousReporter: 113 -0.647059  1  0 1
MaliciousReporter: 118 -0.985457  9  1 8
MaliciousReporter: 124 -0.971818  3  0 3
MaliciousReporter: 126 -0.369288  22  3 19
MaliciousReporter: 127 -0.996831  5  0 5
MaliciousReporter: 128 -0.871081  16  2 14
MaliciousReporter: 129 -0.972382  3  0 3
MaliciousReporter: 137 -0.66129  1  0 1
MaliciousReporter: 200 -0.996998  5  0 5
MaliciousReporter: 203 -0.641026  1  0 1
MaliciousReporter: 204 -0.998111  8  0 8
MaliciousReporter: 205 -0.641026  1  0 1
MaliciousReporter: 206 -0.99737  10  0 10
MaliciousReporter: 208 -0.996906  11  0 11
MaliciousReporter: 209 -0.979902  12  1 11
MaliciousReporter: 211 -0.641026  1  0 1
MaliciousReporter: 212 -0.641026  1  0 1
MaliciousReporter: 214 -0.774265  22  1 21
MaliciousReporter: 215 -0.330663  22  3 19
MaliciousReporter: 219 -0.998004  7  0 7
MaliciousReporter: 221 -0.970145  15  1 14
MaliciousReporter: 224 -0.981818  20  0 20
MaliciousReporter: 225 -0.641026  1  0 1
MaliciousReporter: 227 -0.641026  1  0 1
MaliciousReporter: 228 -0.996998  5  0 5
MaliciousReporter: 300 -0.996913  5  0 5
MaliciousReporter: 305 -0.9002  2  0 2
MaliciousReporter: 307 -0.89982  2  0 2
MaliciousReporter: 308 -0.997668  7  0 7
MaliciousReporter: 309 -0.985125  9  1 8
MaliciousReporter: 310 -0.992744  14  0 14
MaliciousReporter: 314 -0.997578  7  0 7
MaliciousReporter: 318 -0.991524  15  0 15
MaliciousReporter: 320 -0.973691  3  0 3
MaliciousReporter: 321 -0.974262  13  1 12
MaliciousReporter: 324 -0.933882  20  1 19
MaliciousReporter: 327 -0.640625  1  0 1
MaliciousReporter: 328 -0.972587  3  0 3
MaliciousReporter: 329 -0.972471  3  0 3
MaliciousReporter: 340 -0.892553  2  0 2
MaliciousReporter: 350 -0.893915  2  0 2
MaliciousReporter: 351 -0.66129  1  0 1
MaliciousReporter: 355 -0.9002  2  0 2
SelfishReporter: 30 0.000180035  20  12 8
SelfishReporter: 31 -1.057e-08  29  15 14
SelfishReporter: 32 0.137986  9  5 4
SelfishReporter: 33 0.000998326  19  12 7
SelfishReporter: 34 8.73029e-05  22  13 9
SelfishReporter: 35 4.80846e-06  26  16 10
SelfishReporter: 36 -0.00931874  13  6 7
SelfishReporter: 37 9.86515e-06  26  16 10
SelfishReporter: 38 3.18826e-07  30  18 12
SelfishReporter: 39 1.67979e-06  24  14 10
SelfishReporter: 40 0.0294886  15  10 5
SelfishReporter: 41 0.507602  3  2 1
SelfishReporter: 42 0.000792295  21  14 7
SelfishReporter: 44 8.61048e-09  33  20 13
SelfishReporter: 45 0.00224705  19  12 7
SelfishReporter: 46 0.0091656  15  9 6
SelfishReporter: 47 5.59751e-11  38  22 16
SelfishReporter: 48 -0.00113183  16  8 8
SelfishReporter: 49 -7.73009e-05  22  9 13
SelfishReporter: 51 1.45265e-05  25  15 10
SelfishReporter: 52 -2.10151e-10  34  17 17
SelfishReporter: 53 8.08326e-06  24  15 9
SelfishReporter: 55 -0.0300436  12  6 6
SelfishReporter: 56 8.27134e-12  36  19 17
SelfishReporter: 57 1.5463e-06  25  14 11
SelfishReporter: 58 4.23661e-06  31  22 9
SelfishReporter: 59 0.000311739  22  14 8
SelfishReporter: 117 -0.954379  5  1 4
SelfishReporter: 125 -0.584754  5  2 3
SelfishReporter: 130 0.0115644  17  11 6
SelfishReporter: 131 0.00350598  21  15 6
SelfishReporter: 132 0.0180077  4  2 2
SelfishReporter: 133 0.847059  6  4 2
SelfishReporter: 134 0.875831  6  4 2
SelfishReporter: 136 0.00633036  18  12 6
SelfishReporter: 139 -0.562529  5  2 3
SelfishReporter: 141 -0.895553  4  1 3
SelfishReporter: 142 8.59389e-05  26  18 8
SelfishReporter: 143 0.851204  6  4 2
SelfishReporter: 145 0.910363  7  5 2
SelfishReporter: 149 0.0250954  17  12 5
SelfishReporter: 151 0.907588  8  6 2
SelfishReporter: 152 0.00224511  17  11 6
SelfishReporter: 154 0.000186515  22  14 8
SelfishReporter: 201 0.00217865  2  1 1
SelfishReporter: 213 -0.893664  4  1 3
SelfishReporter: 218 -0.034538  20  5 15
SelfishReporter: 231 0.387652  12  8 4
SelfishReporter: 232 0.645605  10  7 3
SelfishReporter: 234 0.942902  7  5 2
SelfishReporter: 235 9.17026e-05  24  16 8
SelfishReporter: 239 0.011598  15  10 5
SelfishReporter: 246 0.841169  10  7 3
SelfishReporter: 248 0.815094  9  6 3
SelfishReporter: 249 0.0287517  16  11 5
SelfishReporter: 253 -0.598994  5  2 3
SelfishReporter: 258 -0.249689  9  4 5
SelfishReporter: 259 0.234846  11  7 4
SelfishReporter: 330 -0.00138965  12  6 6
SelfishReporter: 331 0.585892  5  3 2
SelfishReporter: 333 0.0629791  19  14 5
SelfishReporter: 338 -0.622737  3  1 2
SelfishReporter: 339 0.0015732  12  6 6
SelfishReporter: 341 -0.0293399  2  1 1
SelfishReporter: 342 -0.591847  3  1 2
SelfishReporter: 344 -0.606682  3  1 2
SelfishReporter: 346 0.0244152  17  12 5
SelfishReporter: 348 0.0128273  4  2 2
SelfishReporter: 352 -0.429534  7  3 4
SelfishReporter: 354 -0.600105  11  3 8
SelfishReporter: 357 0.0284619  6  3 3
SelfishReporter: 359 -0.875667  6  2 4

Total Number of Events: 227
QOI for All Events: 

QOI: T_1_2 0.809859 0.720835 0.948606 68 54 10 4 0.920141 0.114298
QOI: F_1_2 0.190476 0.14414 -1.78133 60 9 48 3 0.858668 0.123529
QOI: T_2_0 0.808642 0.755074 1.12586 78 62 12 4 0.962467 0.105125
QOI: F_2_3 0.189394 0.143224 -1.78877 63 9 50 4 0.885367 0.119822
QOI: T_3_3 0.813333 0.745915 1.07694 72 58 11 3 0.940714 0.110367
QOI: F_3_2 0.185897 0.153481 -1.70756 75 11 60 4 0.952767 0.107657
QOI: T_4_1 0.8125 0.760878 1.1575 77 62 12 3 0.959467 0.10595
QOI: F_4_3 0.191358 0.160959 -1.65111 78 12 62 4 0.962467 0.105125
QOI: T_5_0 0.806452 0.665095 0.686083 59 47 9 3 0.848678 0.124841
QOI: F_5_3 0.184615 0.14237 -1.79575 62 9 50 3 0.876994 0.121022
QOI: F_6_3 0.188312 0.154949 -1.6963 74 11 59 4 0.949033 0.108539
QOI: T_7_1 0.793103 0.729853 0.993878 84 63 12 9 0.976438 0.10052
QOI: F_7_2 0.190141 0.150606 -1.72985 68 10 54 4 0.920141 0.114298
QOI: T_8_1 0.785714 0.707705 0.884264 81 59 11 11 0.970237 0.102751
QOI: F_8_3 0.190789 0.156414 -1.68515 73 11 58 4 0.945022 0.109442
QOI: T_9_0 0.760563 0.631645 0.539282 68 46 9 13 0.920141 0.114298
QOI: F_9_1 0.189024 0.159389 -1.66278 79 12 63 4 0.965252 0.104317
QOI: T_10_2 0.771084 0.682122 0.76354 80 56 11 13 0.967838 0.103526
QOI: F_10_3 0.182353 0.154729 -1.69798 82 12 66 4 0.972462 0.101993
QOI: T_11_2 0.811594 0.717018 0.929716 66 53 10 3 0.907566 0.116419
QOI: F_11_1 0.19403 0.153735 -1.7056 64 10 51 3 0.89324 0.118656
QOI: T_12_1 0.808219 0.733204 1.01094 70 56 11 3 0.931136 0.112284
QOI: F_12_0 0.189394 0.143224 -1.78877 63 9 50 4 0.885367 0.119822
QOI: T_13_1 0.795181 0.723775 0.963267 80 60 11 9 0.967838 0.103526
QOI: F_13_3 0.188406 0.151433 -1.7234 66 10 53 3 0.907566 0.116419
QOI: T_14_3 0.775281 0.6894 0.797316 86 60 11 15 0.979851 0.0991046
QOI: F_14_0 0.190141 0.150606 -1.72985 68 10 54 4 0.920141 0.114298
QOI: T_15_3 0.8125 0.760878 1.1575 77 62 12 3 0.959467 0.10595
QOI: F_15_3 0.190141 0.150606 -1.72985 68 10 54 4 0.920141 0.114298
QOI: T_16_2 0.760274 0.635326 0.555133 70 47 9 14 0.931136 0.112284
QOI: F_16_0 0.1875 0.161211 -1.64925 77 12 62 3 0.959467 0.10595
QOI: T_17_2 0.795181 0.723775 0.963267 80 60 11 9 0.967838 0.103526
QOI: F_17_2 0.196721 0.145671 -1.76897 58 9 46 3 0.838115 0.126194
QOI: T_18_2 0.809524 0.675696 0.734061 60 48 9 3 0.858668 0.123529
QOI: F_18_0 0.193548 0.144938 -1.77487 59 9 47 3 0.848678 0.124841
QOI: T_19_3 0.809859 0.720835 0.948606 68 54 10 4 0.920141 0.114298
QOI: F_19_0 0.185714 0.150229 -1.7328 67 10 54 3 0.914062 0.115345
QOI: T_20_2 0.8125 0.760878 1.1575 77 62 12 3 0.959467 0.10595
QOI: F_20_1 0.186747 0.157826 -1.6745 80 12 64 4 0.967838 0.103526
QOI: T_21_2 0.810811 0.739711 1.04447 71 57 11 3 0.936092 0.111314
QOI: F_21_0 0.19403 0.153735 -1.7056 64 10 51 3 0.89324 0.118656
QOI: T_22_1 0.809211 0.740835 1.05031 73 58 11 4 0.945022 0.109442
QOI: F_22_1 0.186667 0.1564 -1.68526 72 11 58 3 0.940714 0.110367
QOI: T_23_0 0.808824 0.708876 0.889933 65 52 10 3 0.900632 0.117522
QOI: F_23_3 0.190476 0.14414 -1.78133 60 9 48 3 0.858668 0.123529
QOI: T_24_2 0.8 0.730195 0.995614 77 59 11 7 0.959467 0.10595
QOI: F_24_1 0.189024 0.159389 -1.66278 79 12 63 4 0.965252 0.104317
QOI: T_25_1 0.778481 0.68331 0.769024 76 54 10 12 0.956239 0.106794
QOI: F_25_3 0.190476 0.14414 -1.78133 60 9 48 3 0.858668 0.123529
QOI: T_26_3 0.809211 0.740835 1.05031 73 58 11 4 0.945022 0.109442
QOI: F_26_1 0.189024 0.159389 -1.66278 79 12 63 4 0.965252 0.104317
QOI: T_27_2 0.809211 0.740835 1.05031 73 58 11 4 0.945022 0.109442
QOI: T_28_1 0.772152 0.672557 0.719774 76 53 10 13 0.956239 0.106794
QOI: F_28_3 0.190476 0.14414 -1.78133 60 9 48 3 0.858668 0.123529
QOI: T_29_2 0.808824 0.708876 0.889933 65 52 10 3 0.900632 0.117522
QOI: F_29_0 0.183544 0.152011 -1.71892 76 11 61 4 0.956239 0.106794
QOI: T_30_3 0.808219 0.733204 1.01094 70 56 11 3 0.931136 0.112284
QOI: F_30_0 0.184524 0.156272 -1.68623 81 12 65 4 0.970237 0.102751
QOI: T_31_0 0.8125 0.727953 0.984263 69 55 10 4 0.925826 0.113278
QOI: F_31_1 0.1875 0.149312 -1.74001 69 10 55 4 0.925826 0.113278
QOI: T_32_2 0.816456 0.757225 1.13753 76 61 11 4 0.956239 0.106794
QOI: F_32_1 0.1875 0.161211 -1.64925 77 12 62 3 0.959467 0.10595
QOI: T_33_3 0.813333 0.745915 1.07694 72 58 11 3 0.940714 0.110367
QOI: F_33_0 0.190789 0.156414 -1.68515 73 11 58 4 0.945022 0.109442
QOI: T_34_1 0.815476 0.768445 1.19955 81 65 12 4 0.970237 0.102751
QOI: F_34_1 0.189024 0.159389 -1.66278 79 12 63 4 0.965252 0.104317
QOI: T_35_3 0.8125 0.727953 0.984263 69 55 10 4 0.925826 0.113278
QOI: F_35_2 0.185393 0.159702 -1.66045 86 13 69 4 0.979851 0.0991046
QOI: T_36_1 0.810811 0.739711 1.04447 71 57 11 3 0.936092 0.111314
QOI: F_36_3 0.185393 0.159702 -1.66045 86 13 69 4 0.979851 0.0991046
QOI: T_37_3 0.810811 0.739711 1.04447 71 57 11 3 0.936092 0.111314
QOI: F_37_1 0.1875 0.149312 -1.74001 69 10 55 4 0.925826 0.113278
QOI: T_38_3 0.809859 0.720835 0.948606 68 54 10 4 0.920141 0.114298
QOI: F_38_3 0.186047 0.154376 -1.70068 83 12 66 5 0.974525 0.101249
QOI: T_39_1 0.808219 0.733204 1.01094 70 56 11 3 0.931136 0.112284
QOI: F_39_1 0.189024 0.159389 -1.66278 79 12 63 4 0.965252 0.104317
QOI: T_40_1 0.806452 0.665095 0.686083 59 47 9 3 0.848678 0.124841
QOI: F_40_0 0.183544 0.152011 -1.71892 76 11 61 4 0.956239 0.106794
QOI: T_41_0 0.810976 0.759728 1.15119 79 63 12 4 0.965252 0.104317
QOI: F_41_2 0.183544 0.152011 -1.71892 76 11 61 4 0.956239 0.106794
QOI: F_42_3 0.184524 0.156272 -1.68623 81 12 65 4 0.970237 0.102751
QOI: T_43_1 0.808219 0.733204 1.01094 70 56 11 3 0.931136 0.112284
QOI: F_43_2 0.19403 0.153735 -1.7056 64 10 51 3 0.89324 0.118656
QOI: T_44_1 0.8125 0.772676 1.22348 85 68 13 4 0.97821 0.0998055
QOI: F_44_3 0.191358 0.160959 -1.65111 78 12 62 4 0.962467 0.105125
QOI: T_45_1 0.810811 0.739711 1.04447 71 57 11 3 0.936092 0.111314
QOI: F_45_0 0.185714 0.150229 -1.7328 67 10 54 3 0.914062 0.115345
QOI: T_46_1 0.814286 0.724782 0.968309 67 54 10 3 0.914062 0.115345
QOI: T_47_0 0.811688 0.746554 1.08032 74 59 11 4 0.949033 0.108539
QOI: F_47_2 0.191358 0.160959 -1.65111 78 12 62 4 0.962467 0.105125
QOI: T_48_2 0.810976 0.759728 1.15119 79 63 12 4 0.965252 0.104317
QOI: F_48_0 0.190789 0.156414 -1.68515 73 11 58 4 0.945022 0.109442
QOI: T_49_0 0.811688 0.746554 1.08032 74 59 11 4 0.949033 0.108539
QOI: F_49_1 0.189024 0.159389 -1.66278 79 12 63 4 0.965252 0.104317
QOI: T_50_3 0.813253 0.764182 1.17574 80 64 12 4 0.967838 0.103526
QOI: F_50_2 0.183544 0.152011 -1.71892 76 11 61 4 0.956239 0.106794
QOI: T_51_2 0.773333 0.669887 0.707675 72 51 10 11 0.940714 0.110367
QOI: F_51_2 0.19403 0.153735 -1.7056 64 10 51 3 0.89324 0.118656
QOI: T_52_2 0.808219 0.733204 1.01094 70 56 11 3 0.931136 0.112284
QOI: F_52_1 0.185714 0.150229 -1.7328 67 10 54 3 0.914062 0.115345
QOI: T_53_0 0.810976 0.759728 1.15119 79 63 12 4 0.965252 0.104317
QOI: F_53_0 0.184615 0.14237 -1.79575 62 9 50 3 0.876994 0.121022
QOI: F_54_1 0.185897 0.153481 -1.70756 75 11 60 4 0.952767 0.107657
QOI: T_55_2 0.816456 0.757225 1.13753 76 61 11 4 0.956239 0.106794
QOI: F_55_0 0.185897 0.153481 -1.70756 75 11 60 4 0.952767 0.107657
QOI: T_56_2 0.791667 0.718032 0.934722 81 60 11 10 0.970237 0.102751
QOI: F_56_2 0.185714 0.150229 -1.7328 67 10 54 3 0.914062 0.115345
QOI: T_57_3 0.8125 0.727953 0.984263 69 55 10 4 0.925826 0.113278
QOI: F_57_1 0.1875 0.149312 -1.74001 69 10 55 4 0.925826 0.113278
QOI: T_58_0 0.808824 0.708876 0.889933 65 52 10 3 0.900632 0.117522
QOI: F_58_3 0.1875 0.149312 -1.74001 69 10 55 4 0.925826 0.113278
QOI: T_59_3 0.809859 0.720835 0.948606 68 54 10 4 0.920141 0.114298
QOI: F_59_2 0.188312 0.154949 -1.6963 74 11 59 4 0.949033 0.108539
QOI: T_60_1 0.813253 0.764182 1.17574 80 64 12 4 0.967838 0.103526
QOI: T_61_0 0.8125 0.727953 0.984263 69 55 10 4 0.925826 0.113278
QOI: F_61_1 0.190789 0.156414 -1.68515 73 11 58 4 0.945022 0.109442
QOI: T_62_3 0.808219 0.733204 1.01094 70 56 11 3 0.931136 0.112284
QOI: F_62_0 0.191781 0.159216 -1.66407 70 11 56 3 0.931136 0.112284
QOI: T_63_2 0.810606 0.693225 0.815239 63 50 9 4 0.885367 0.119822
QOI: F_63_0 0.184524 0.156272 -1.68623 81 12 65 4 0.970237 0.102751
QOI: T_64_3 0.810976 0.759728 1.15119 79 63 12 4 0.965252 0.104317
QOI: F_64_2 0.189189 0.157816 -1.67457 71 11 57 3 0.936092 0.111314
QOI: T_65_3 0.788462 0.69922 0.843586 75 55 10 10 0.952767 0.107657
QOI: F_65_1 0.184524 0.156272 -1.68623 81 12 65 4 0.970237 0.102751
QOI: T_66_0 0.811594 0.717018 0.929716 66 53 10 3 0.907566 0.116419
QOI: F_66_3 0.196078 0.120893 -1.984 48 7 38 3 0.699363 0.14266
QOI: T_67_3 0.793333 0.703101 0.862109 72 54 10 8 0.940714 0.110367
QOI: F_67_2 0.185897 0.153481 -1.70756 75 11 60 4 0.952767 0.107657
QOI: T_68_3 0.764706 0.620202 0.490407 65 44 8 13 0.900632 0.117522
QOI: F_68_0 0.190789 0.156414 -1.68515 73 11 58 4 0.945022 0.109442
QOI: T_69_3 0.808219 0.733204 1.01094 70 56 11 3 0.931136 0.112284
QOI: T_70_0 0.8125 0.685845 0.780763 61 49 9 3 0.868101 0.122257
QOI: F_70_0 0.188312 0.154949 -1.6963 74 11 59 4 0.949033 0.108539
QOI: T_71_3 0.811594 0.717018 0.929716 66 53 10 3 0.907566 0.116419
QOI: F_71_3 0.191358 0.160959 -1.65111 78 12 62 4 0.962467 0.105125
QOI: T_72_0 0.808642 0.755074 1.12586 78 62 12 4 0.962467 0.105125
QOI: F_72_0 0.190789 0.156414 -1.68515 73 11 58 4 0.945022 0.109442
QOI: T_73_2 0.80597 0.700345 0.848939 64 51 10 3 0.89324 0.118656
QOI: F_73_1 0.186667 0.1564 -1.68526 72 11 58 3 0.940714 0.110367
QOI: T_74_1 0.808219 0.733204 1.01094 70 56 11 3 0.931136 0.112284
QOI: F_74_3 0.185897 0.153481 -1.70756 75 11 60 4 0.952767 0.107657
QOI: T_75_3 0.808219 0.733204 1.01094 70 56 11 3 0.931136 0.112284
QOI: F_75_2 0.185897 0.153481 -1.70756 75 11 60 4 0.952767 0.107657
QOI: T_76_1 0.814103 0.752013 1.10938 75 60 11 4 0.952767 0.107657
QOI: F_76_1 0.191667 0.144207 -1.78078 57 9 46 2 0.826965 0.127591
QOI: T_77_1 0.817647 0.772529 1.22264 82 66 12 4 0.972462 0.101993
QOI: T_78_1 0.763889 0.639243 0.572082 69 47 9 13 0.925826 0.113278
QOI: F_78_2 0.189024 0.159389 -1.66278 79 12 63 4 0.965252 0.104317
QOI: T_79_2 0.811688 0.746554 1.08032 74 59 11 4 0.949033 0.108539
QOI: F_79_2 0.194444 0.132165 -1.88195 51 8 41 2 0.747301 0.137059
QOI: T_80_2 0.786585 0.708504 0.888131 79 58 11 10 0.965252 0.104317
QOI: F_80_0 0.189189 0.157816 -1.67457 71 11 57 3 0.936092 0.111314
QOI: T_81_1 0.808824 0.708876 0.889933 65 52 10 3 0.900632 0.117522
QOI: F_81_0 0.190909 0.13209 -1.8826 52 8 42 2 0.762107 0.135335
QOI: T_82_3 0.803922 0.545996 0.184506 48 38 7 3 0.699363 0.14266
QOI: F_82_0 0.190789 0.156414 -1.68515 73 11 58 4 0.945022 0.109442
QOI: T_83_3 0.813253 0.764182 1.17574 80 64 12 4 0.967838 0.103526
QOI: F_83_2 0.182353 0.154729 -1.69798 82 12 66 4 0.972462 0.101993
QOI: T_84_0 0.809091 0.603211 0.418864 52 42 8 2 0.762107 0.135335
QOI: F_84_1 0.184524 0.156272 -1.68623 81 12 65 4 0.970237 0.102751
QOI: T_85_1 0.794118 0.53508 0.140553 48 37 7 4 0.699363 0.14266
QOI: F_85_0 0.190789 0.156414 -1.68515 73 11 58 4 0.945022 0.109442
QOI: T_86_3 0.809091 0.603211 0.418864 52 42 8 2 0.762107 0.135335
QOI: F_86_2 0.190909 0.13209 -1.8826 52 8 42 2 0.762107 0.135335
QOI: T_87_0 0.809524 0.675696 0.734061 60 48 9 3 0.858668 0.123529
QOI: F_87_3 0.192982 0.133988 -1.86615 54 8 43 3 0.789891 0.132073
QOI: T_88_3 0.816456 0.757225 1.13753 76 61 11 4 0.956239 0.106794
QOI: F_88_2 0.1875 0.149312 -1.74001 69 10 55 4 0.925826 0.113278
QOI: T_89_1 0.771605 0.672994 0.721759 78 54 10 14 0.962467 0.105125
QOI: F_89_2 0.188406 0.151433 -1.7234 66 10 53 3 0.907566 0.116419
QOI: T_90_3 0.802083 0.50776 0.0310405 45 36 7 2 0.646632 0.149023
QOI: T_91_3 0.803279 0.654036 0.636826 58 46 9 3 0.838115 0.126194
QOI: F_91_2 0.208333 0.0843484 -2.38468 33 5 26 2 0.411993 0.188195
QOI: T_92_3 0.808642 0.755074 1.12586 78 62 12 4 0.962467 0.105125
QOI: F_92_0 0.1875 0.161211 -1.64925 77 12 62 3 0.959467 0.10595
QOI: T_93_3 0.803571 0.60564 0.429023 53 42 8 3 0.776306 0.133675
QOI: F_93_3 0.189189 0.157816 -1.67457 71 11 57 3 0.936092 0.111314
QOI: F_94_3 0.191358 0.160959 -1.65111 78 12 62 4 0.962467 0.105125
QOI: T_95_1 0.803571 0.60564 0.429023 53 42 8 3 0.776306 0.133675
QOI: F_95_3 0.190141 0.150606 -1.72985 68 10 54 4 0.920141 0.114298
QOI: T_96_0 0.8125 0.760878 1.1575 77 62 12 3 0.959467 0.10595
QOI: F_96_0 0.202703 0.0848562 -2.37812 34 5 27 2 0.4315 0.183559
QOI: T_97_1 0.807692 0.561525 0.247354 49 39 7 3 0.715911 0.140716
QOI: F_97_2 0.192308 0.0859635 -2.36395 36 5 29 2 0.471099 0.175327
QOI: T_98_0 0.798701 0.724723 0.968013 74 57 11 6 0.949033 0.108539
QOI: F_98_3 0.186441 0.133103 -1.8738 56 8 45 3 0.815216 0.129035
QOI: T_99_3 0.813333 0.745915 1.07694 72 58 11 3 0.940714 0.110367
QOI: F_99_3 0.184615 0.14237 -1.79575 62 9 50 3 0.876994 0.121022
QOI: T_100_0 0.811688 0.746554 1.08032 74 59 11 4 0.949033 0.108539
QOI: F_100_0 0.183544 0.152011 -1.71892 76 11 61 4 0.956239 0.106794
QOI: F_101_1 0.191781 0.159216 -1.66407 70 11 56 3 0.931136 0.112284
QOI: T_102_0 0.803571 0.60564 0.429023 53 42 8 3 0.776306 0.133675
QOI: F_102_2 0.202703 0.0848562 -2.37812 34 5 27 2 0.4315 0.183559
QOI: T_103_2 0.8 0.314028 -0.781354 32 26 5 1 0.392758 0.193254
QOI: F_103_2 0.196429 0.134312 -1.86336 53 8 42 3 0.776306 0.133675
QOI: T_104_2 0.813953 0.766287 1.18746 83 66 12 5 0.974525 0.101249
QOI: F_104_1 0.217391 0.0431509 -3.09894 20 3 16 1 0.198494 0.0992471
QOI: T_105_1 0.817647 0.772529 1.22264 82 66 12 4 0.972462 0.101993
QOI: F_105_2 0.202381 0.100288 -2.19403 39 6 31 2 0.531027 0.164971
QOI: T_106_0 0.775362 0.64991 0.618642 66 47 9 10 0.907566 0.116419
QOI: F_106_1 0.188406 0.151433 -1.7234 66 10 53 3 0.907566 0.116419
QOI: T_107_1 0.780702 0.575163 0.302948 54 39 7 8 0.789891 0.132073
QOI: F_107_2 0.189394 0.143224 -1.78877 63 9 50 4 0.885367 0.119822
QOI: T_108_1 0.816456 0.757225 1.13753 76 61 11 4 0.956239 0.106794
QOI: F_108_3 0.185897 0.153481 -1.70756 75 11 60 4 0.952767 0.107657
QOI: T_109_0 0.790323 0.258359 -1.05451 28 22 4 2 0.319574 0.219651
QOI: F_109_3 0.193878 0.117509 -2.01623 46 7 37 2 0.664691 0.146806
QOI: T_110_2 0.806818 0.451758 -0.193571 41 33 6 2 0.570592 0.159069
QOI: F_110_0 0.19 0.117846 -2.01299 47 7 38 2 0.68228 0.144687
QOI: T_111_0 0.802326 0.434074 -0.265249 40 32 6 2 0.55089 0.161934
QOI: F_111_0 0.190141 0.150606 -1.72985 68 10 54 4 0.920141 0.114298
QOI: T_112_1 0.809859 0.720835 0.948606 68 54 10 4 0.920141 0.114298
QOI: F_112_0 0.190789 0.156414 -1.68515 73 11 58 4 0.945022 0.109442
QOI: T_113_3 0.8 0.38916 -0.450846 37 30 6 1 0.491068 0.171643
QOI: F_113_3 0.188406 0.151433 -1.7234 66 10 53 3 0.907566 0.116419
QOI: T_114_1 0.814286 0.724782 0.968309 67 54 10 3 0.914062 0.115345
QOI: F_114_3 0.189024 0.159389 -1.66278 79 12 63 4 0.965252 0.104317
QOI: T_115_2 0.808642 0.755074 1.12586 78 62 12 4 0.962467 0.105125
QOI: F_115_3 0.193182 0.101622 -2.17933 41 6 33 2 0.570592 0.159069
QOI: T_116_1 0.814607 0.776237 1.24387 86 69 13 4 0.979851 0.0991046
QOI: F_116_3 0.1875 0.149312 -1.74001 69 10 55 4 0.925826 0.113278
QOI: T_117_2 0.811594 0.717018 0.929716 66 53 10 3 0.907566 0.116419
QOI: F_117_2 0.193548 0.144938 -1.77487 59 9 47 3 0.848678 0.124841
QOI: T_118_3 0.808219 0.733204 1.01094 70 56 11 3 0.931136 0.112284
QOI: F_118_3 0.186667 0.1564 -1.68526 72 11 58 3 0.940714 0.110367
QOI: F_119_2 0.191358 0.160959 -1.65111 78 12 62 4 0.962467 0.105125
QOI: F_120_1 0.196721 0.145671 -1.76897 58 9 46 3 0.838115 0.126194
 Raw Scores: 







HonestReporter: 50 0.24668  7  6 1
HonestReporter: 54 0.251295  12  10 2
HonestReporter: 60 0.945526  32  32 0
HonestReporter: 61 0.463982  12  12 0
HonestReporter: 62 0.860186  22  22 0
HonestReporter: 63 0.390254  8  8 0
HonestReporter: 64 0.362485  9  9 0
HonestReporter: 65 0.892772  29  29 0
HonestReporter: 66 0.946713  32  32 0
HonestReporter: 67 0.763301  25  25 0
HonestReporter: 68 0.589699  18  18 0
HonestReporter: 69 0.474551  15  15 0
HonestReporter: 70 0.667258  21  21 0
HonestReporter: 71 0.880228  28  28 0
HonestReporter: 72 0.498136  13  13 0
HonestReporter: 73 0.825243  24  24 0
HonestReporter: 74 0.364813  11  11 0
HonestReporter: 75 0.922856  28  28 0
HonestReporter: 76 0.546743  12  12 0
HonestReporter: 77 0.632206  21  21 0
HonestReporter: 78 0.909339  26  26 0
HonestReporter: 79 0.356877  7  7 0
HonestReporter: 80 0.246844  2  2 0
HonestReporter: 81 0.505131  16  16 0
HonestReporter: 82 0.703403  21  21 0
HonestReporter: 83 0.614556  16  16 0
HonestReporter: 84 0.805995  24  24 0
HonestReporter: 85 0.737073  22  22 0
HonestReporter: 86 0.753202  22  22 0
HonestReporter: 87 0.878045  26  26 0
HonestReporter: 88 0.889039  27  27 0
HonestReporter: 89 0.602748  15  15 0
HonestReporter: 90 0.595412  20  20 0
HonestReporter: 91 0.869242  28  28 0
HonestReporter: 92 0.838109  22  22 0
HonestReporter: 93 0.875183  24  24 0
HonestReporter: 94 0.474041  12  12 0
HonestReporter: 95 0.867666  28  28 0
HonestReporter: 96 0.525878  15  15 0
HonestReporter: 97 0.565715  16  16 0
HonestReporter: 98 0.396844  12  12 0
HonestReporter: 99 0.942802  31  31 0
HonestReporter: 135 0.383472  6  6 0
HonestReporter: 146 0.314292  5  4 1
HonestReporter: 150 0.267501  1  1 0
HonestReporter: 155 0.32567  3  3 0
HonestReporter: 156 0.302235  2  2 0
HonestReporter: 160 0.683575  15  15 0
HonestReporter: 161 0.50288  10  10 0
HonestReporter: 162 0.779014  18  18 0
HonestReporter: 163 0.557324  12  12 0
HonestReporter: 164 0.614205  13  13 0
HonestReporter: 168 0.3556  4  4 0
HonestReporter: 169 0.800736  19  19 0
HonestReporter: 171 0.35326  4  4 0
HonestReporter: 172 0.758569  18  18 0
HonestReporter: 173 0.477959  12  12 0
HonestReporter: 174 0.48193  8  8 0
HonestReporter: 175 0.463963  11  11 0
HonestReporter: 177 0.267501  1  1 0
HonestReporter: 178 0.331069  3  3 0
HonestReporter: 179 0.329402  3  3 0
HonestReporter: 181 0.617457  13  13 0
HonestReporter: 182 0.744328  17  17 0
HonestReporter: 183 0.388409  5  5 0
HonestReporter: 186 0.362108  4  4 0
HonestReporter: 187 0.301523  2  2 0
HonestReporter: 188 0.557116  14  14 0
HonestReporter: 189 0.403324  6  6 0
HonestReporter: 192 0.294264  2  2 0
HonestReporter: 194 0.555338  14  14 0
HonestReporter: 195 0.542143  10  10 0
HonestReporter: 196 0.838957  21  21 0
HonestReporter: 197 0.356374  4  4 0
HonestReporter: 199 0.629835  13  13 0
HonestReporter: 230 0.274048  1  1 0
HonestReporter: 236 0.410801  8  7 1
HonestReporter: 240 0.29797  2  2 0
HonestReporter: 241 0.274048  1  1 0
HonestReporter: 243 0.312257  5  4 1
HonestReporter: 250 0.34792  7  6 1
HonestReporter: 254 0.305358  2  2 0
HonestReporter: 255 0.270521  1  1 0
HonestReporter: 256 0.333235  3  3 0
HonestReporter: 260 0.505967  9  9 0
HonestReporter: 261 0.784337  20  20 0
HonestReporter: 262 0.404677  7  7 0
HonestReporter: 263 0.644761  18  18 0
HonestReporter: 264 0.274208  1  1 0
HonestReporter: 265 0.300303  2  2 0
HonestReporter: 266 0.305358  2  2 0
HonestReporter: 267 0.697957  16  16 0
HonestReporter: 268 0.445934  9  9 0
HonestReporter: 270 0.656542  14  14 0
HonestReporter: 272 0.768492  17  17 0
HonestReporter: 273 0.638023  13  13 0
HonestReporter: 275 0.359684  4  4 0
HonestReporter: 276 0.451299  7  7 0
HonestReporter: 277 0.326371  3  3 0
HonestReporter: 278 0.68401  15  15 0
HonestReporter: 281 0.305358  2  2 0
HonestReporter: 282 0.550384  13  13 0
HonestReporter: 283 0.659307  14  14 0
HonestReporter: 285 0.501145  10  10 0
HonestReporter: 286 0.572782  11  11 0
HonestReporter: 287 0.504971  9  9 0
HonestReporter: 288 0.653112  13  13 0
HonestReporter: 289 0.325489  3  3 0
HonestReporter: 292 0.326371  3  3 0
HonestReporter: 293 0.305358  2  2 0
HonestReporter: 296 0.797506  20  20 0
HonestReporter: 298 0.305358  2  2 0
HonestReporter: 335 0.291022  2  2 0
HonestReporter: 337 0.262461  1  1 0
HonestReporter: 360 0.356165  5  5 0
HonestReporter: 365 0.280892  2  2 0
HonestReporter: 370 0.760004  19  19 0
HonestReporter: 375 0.323007  4  4 0
HonestReporter: 379 0.309312  3  3 0
HonestReporter: 380 0.298814  3  3 0
HonestReporter: 383 0.309312  3  3 0
HonestReporter: 384 0.286426  2  2 0
HonestReporter: 386 0.435524  8  8 0
HonestReporter: 390 0.33395  4  4 0
HonestReporter: 391 0.332596  4  4 0
HonestReporter: 392 0.31878  3  3 0
HonestReporter: 394 0.619034  14  14 0
HonestReporter: 396 0.309312  3  3 0
HonestReporter: 397 0.520064  10  10 0
MaliciousReporter: 0 -0.602658  11  0 11
MaliciousReporter: 1 -0.959828  40  1 39
MaliciousReporter: 2 -0.926698  34  3 31
MaliciousReporter: 3 -0.938277  34  0 34
MaliciousReporter: 4 -0.47421  6  0 6
MaliciousReporter: 5 -0.920945  33  1 32
MaliciousReporter: 6 -0.823529  27  3 24
MaliciousReporter: 7 -0.469788  8  1 7
MaliciousReporter: 8 -0.827448  22  1 21
MaliciousReporter: 9 -0.800077  20  0 20
MaliciousReporter: 10 -0.584758  11  1 10
MaliciousReporter: 11 -0.651723  13  0 13
MaliciousReporter: 12 -0.923288  31  0 31
MaliciousReporter: 13 -0.865968  26  0 26
MaliciousReporter: 14 -0.68999  14  0 14
MaliciousReporter: 15 -0.669567  15  0 15
MaliciousReporter: 16 -0.732129  18  1 17
MaliciousReporter: 17 -0.629441  11  0 11
MaliciousReporter: 18 -0.948989  39  2 37
MaliciousReporter: 19 -0.819687  23  1 22
MaliciousReporter: 20 -0.948879  36  0 36
MaliciousReporter: 21 -0.730019  21  2 19
MaliciousReporter: 22 -0.89436  30  1 29
MaliciousReporter: 23 -0.824387  22  0 22
MaliciousReporter: 24 -0.821873  23  0 23
MaliciousReporter: 25 -0.591898  11  1 10
MaliciousReporter: 26 -0.574493  11  1 10
MaliciousReporter: 27 -0.90184  31  1 30
MaliciousReporter: 28 -0.694626  19  2 17
MaliciousReporter: 29 -0.62904  13  1 12
MaliciousReporter: 43 -0.319326  1  0 1
MaliciousReporter: 100 -0.540855  10  0 10
MaliciousReporter: 101 -0.741614  18  0 18
MaliciousReporter: 104 -0.325921  2  0 2
MaliciousReporter: 105 -0.372413  4  0 4
MaliciousReporter: 106 -0.323103  2  0 2
MaliciousReporter: 108 -0.701133  23  4 19
MaliciousReporter: 109 -0.300595  1  0 1
MaliciousReporter: 110 -0.573766  13  1 12
MaliciousReporter: 112 -0.300595  1  0 1
MaliciousReporter: 113 -0.300595  1  0 1
MaliciousReporter: 118 -0.468499  9  1 8
MaliciousReporter: 124 -0.348073  3  0 3
MaliciousReporter: 126 -0.721942  22  3 19
MaliciousReporter: 127 -0.398624  5  0 5
MaliciousReporter: 128 -0.612024  16  2 14
MaliciousReporter: 129 -0.347118  3  0 3
MaliciousReporter: 137 -0.301482  1  0 1
MaliciousReporter: 200 -0.39763  5  0 5
MaliciousReporter: 203 -0.299537  1  0 1
MaliciousReporter: 204 -0.482461  8  0 8
MaliciousReporter: 205 -0.299537  1  0 1
MaliciousReporter: 206 -0.541736  10  0 10
MaliciousReporter: 208 -0.568357  11  0 11
MaliciousReporter: 209 -0.544391  12  1 11
MaliciousReporter: 211 -0.299537  1  0 1
MaliciousReporter: 212 -0.299537  1  0 1
MaliciousReporter: 214 -0.790539  22  1 21
MaliciousReporter: 215 -0.709201  22  3 19
MaliciousReporter: 219 -0.461105  7  0 7
MaliciousReporter: 221 -0.627497  15  1 14
MaliciousReporter: 224 -0.770481  20  0 20
MaliciousReporter: 225 -0.299537  1  0 1
MaliciousReporter: 227 -0.299537  1  0 1
MaliciousReporter: 228 -0.39763  5  0 5
MaliciousReporter: 300 -0.403923  5  0 5
MaliciousReporter: 305 -0.326117  2  0 2
MaliciousReporter: 307 -0.325921  2  0 2
MaliciousReporter: 308 -0.460016  7  0 7
MaliciousReporter: 309 -0.476359  9  1 8
MaliciousReporter: 310 -0.651826  14  0 14
MaliciousReporter: 314 -0.460118  7  0 7
MaliciousReporter: 318 -0.676647  15  0 15
MaliciousReporter: 320 -0.351548  3  0 3
MaliciousReporter: 321 -0.587548  13  1 12
MaliciousReporter: 324 -0.748881  20  1 19
MaliciousReporter: 327 -0.300269  1  0 1
MaliciousReporter: 328 -0.350328  3  0 3
MaliciousReporter: 329 -0.348326  3  0 3
MaliciousReporter: 340 -0.322922  2  0 2
MaliciousReporter: 350 -0.32485  2  0 2
MaliciousReporter: 351 -0.301482  1  0 1
MaliciousReporter: 355 -0.326117  2  0 2
SelfishReporter: 30 -0.371358  20  12 8
SelfishReporter: 31 -0.501852  29  15 14
SelfishReporter: 32 -0.371608  9  5 4
SelfishReporter: 33 -0.375897  19  12 7
SelfishReporter: 34 -0.375742  22  13 9
SelfishReporter: 35 -0.282159  26  16 10
SelfishReporter: 36 -0.434003  13  6 7
SelfishReporter: 37 -0.408372  26  16 10
SelfishReporter: 38 -0.326025  30  18 12
SelfishReporter: 39 -0.359486  24  14 10
SelfishReporter: 40 -0.278741  15  10 5
SelfishReporter: 41 -0.30088  3  2 1
SelfishReporter: 42 -0.295624  21  14 7
SelfishReporter: 44 -0.324923  33  20 13
SelfishReporter: 45 -0.292772  19  12 7
SelfishReporter: 46 -0.376538  15  9 6
SelfishReporter: 47 -0.366943  38  22 16
SelfishReporter: 48 -0.453344  16  8 8
SelfishReporter: 49 -0.55289  22  9 13
SelfishReporter: 51 -0.378348  25  15 10
SelfishReporter: 52 -0.483331  34  17 17
SelfishReporter: 53 -0.280889  24  15 9
SelfishReporter: 55 -0.419152  12  6 6
SelfishReporter: 56 -0.434846  36  19 17
SelfishReporter: 57 -0.336426  25  14 11
SelfishReporter: 58 0.376218  31  22 9
SelfishReporter: 59 -0.365264  22  14 8
SelfishReporter: 117 -0.36395  5  1 4
SelfishReporter: 125 -0.320541  5  2 3
SelfishReporter: 130 0.281415  17  11 6
SelfishReporter: 131 0.398326  21  15 6
SelfishReporter: 132 -0.296085  4  2 2
SelfishReporter: 133 0.264129  6  4 2
SelfishReporter: 134 0.264746  6  4 2
SelfishReporter: 136 0.310198  18  12 6
SelfishReporter: 139 -0.316768  5  2 3
SelfishReporter: 141 -0.335851  4  1 3
SelfishReporter: 142 0.386293  26  18 8
SelfishReporter: 143 0.264956  6  4 2
SelfishReporter: 145 0.265513  7  5 2
SelfishReporter: 149 0.354842  17  12 5
SelfishReporter: 151 0.306016  8  6 2
SelfishReporter: 152 0.275923  17  11 6
SelfishReporter: 154 -0.282522  22  14 8
SelfishReporter: 201 -0.286959  2  1 1
SelfishReporter: 213 -0.333421  4  1 3
SelfishReporter: 218 -0.596551  20  5 15
SelfishReporter: 231 -0.323937  12  8 4
SelfishReporter: 232 0.288019  10  7 3
SelfishReporter: 234 0.291571  7  5 2
SelfishReporter: 235 0.257942  24  16 8
SelfishReporter: 239 -0.290561  15  10 5
SelfishReporter: 246 0.277222  10  7 3
SelfishReporter: 248 0.276157  9  6 3
SelfishReporter: 249 0.305414  16  11 5
SelfishReporter: 253 -0.317482  5  2 3
SelfishReporter: 258 -0.346309  9  4 5
SelfishReporter: 259 0.254296  11  7 4
SelfishReporter: 330 -0.340875  12  6 6
SelfishReporter: 331 -0.297123  5  3 2
SelfishReporter: 333 0.381269  19  14 5
SelfishReporter: 338 -0.316544  3  1 2
SelfishReporter: 339 -0.355304  12  6 6
SelfishReporter: 341 -0.292319  2  1 1
SelfishReporter: 342 -0.310873  3  1 2
SelfishReporter: 344 -0.314533  3  1 2
SelfishReporter: 346 0.321194  17  12 5
SelfishReporter: 348 -0.305247  4  2 2
SelfishReporter: 352 -0.3415  7  3 4
SelfishReporter: 354 -0.443909  11  3 8
SelfishReporter: 357 -0.312652  6  3 3
SelfishReporter: 359 -0.343427  6  2 4
