QOI: T_1_2 0.79803 606 485 61 60 1 6.9323e-13
QOI: F_1_3 0.10052 574 57 459 58 1 3.43359e-12
QOI: T_2_0 0.504975 399 202 25 172 1 2.16683e-08
QOI: F_2_3 0.100478 624 62 499 63 1 2.81846e-13
QOI: T_3_0 0.797753 531 425 53 53 1 2.94769e-11
QOI: F_3_1 0.100539 554 55 443 56 1 9.33346e-12
QOI: T_4_1 0.47907 427 205 26 196 1 5.34334e-09
QOI: F_4_2 0.101911 468 47 374 47 1 6.87874e-10
QOI: T_5_2 0.797448 624 499 62 63 1 2.81846e-13
QOI: F_5_1 0.101667 597 60 478 59 1 1.0872e-12
QOI: T_6_1 0.797701 432 346 43 43 1 4.1614e-09
QOI: F_6_2 0.101695 469 47 375 47 1 6.54326e-10
QOI: T_7_3 0.455549 267 122 15 130 0.999968 1.59278e-05
QOI: F_7_2 0.101744 341 34 273 34 0.999999 3.93803e-07
QOI: T_8_1 0.797333 372 298 37 37 1 8.35839e-08
QOI: F_8_3 0.10262 455 46 364 45 1 1.31765e-09
QOI: T_9_1 0.45843 142 66 8 68 0.983766 0.0081171
QOI: F_9_2 0.106619 115 12 92 11 0.940154 0.029923
QOI: T_10_1 0.794643 260 208 26 26 0.999955 2.26023e-05
QOI: F_10_1 0.0927031 82 8 66 8 0.751059 0.124471
QOI: T_11_1 0.792431 200 160 20 20 0.999093 0.000453587
QOI: F_11_3 0.104087 266 27 213 26 0.999967 1.67444e-05
QOI: T_12_1 0.794411 250 200 25 25 0.999925 3.72638e-05
QOI: F_12_3 0.105028 168 17 134 17 0.995523 0.00223861
QOI: T_13_1 0.778307 144 115 14 15 0.985288 0.00735602
QOI: F_13_2 0.0680952 37 4 30 3 0.241269 0.379365
QOI: T_14_3 0.314461 49 22 3 24 0.366855 0.316572
QOI: F_14_1 0.0604731 17 2 14 1 0.104731 0.447635
QOI: T_15_0 0.327767 12 3 0 9 0.0834987 0.458251
QOI: F_15_0 0.0843682 64 6 51 7 0.55089 0.224555
QOI: T_16_2 0.740489 114 91 11 12 0.937278 0.031361
QOI: F_16_2 0.0988711 103 10 82 11 0.896067 0.0519665
QOI: T_17_1 0.119368 15 12 2 1 0.0957182 0.452141
QOI: F_17_2 0.0753922 28 3 22 3 0.168579 0.415711
QOI: T_18_3 0.0411109 4 3 0 1 0.0575552 0.0287776
QOI: F_18_2 0.0650882 26 3 21 2 0.155023 0.422488
QOI: T_19_0 0.145852 20 16 2 2 0.119652 0.440174
QOI: F_19_2 0.078857 49 5 39 5 0.366855 0.316572
QOI: T_20_2 0.0411109 4 3 0 1 0.0575552 0.0287776
QOI: F_20_1 0.018727 1 0 1 0 0.0499386 0.0249693
QOI: T_21_0 0.045663 6 5 1 0 0.0632257 0.0316128
QOI: F_21_0 0.0238095 0 0 0 0 0.047619 0.0238095
QOI: T_22_3 0.0411109 4 3 0 1 0.0575552 0.0287776
QOI: F_22_2 0.018727 1 0 1 0 0.0499386 0.0249693
QOI: T_23_0 0.0238095 0 0 0 0 0.047619 0.0238095
QOI: F_23_3 0.0183008 3 0 2 1 0.0549023 0.0274512
QOI: T_24_1 0.0249693 1 0 0 1 0.0499386 0.0249693
QOI: F_24_2 0.0238095 0 0 0 0 0.047619 0.0238095
QOI: T_25_2 0.0238095 0 0 0 0 0.047619 0.0238095
QOI: F_25_1 0.0238095 0 0 0 0 0.047619 0.0238095
QOI: T_26_3 0.0366555 2 2 0 0 0.0523649 0.0261825
QOI: F_26_0 0.0238095 0 0 0 0 0.047619 0.0238095
QOI: T_27_3 0.0238095 0 0 0 0 0.047619 0.0238095
QOI: F_27_2 0.0238095 0 0 0 0 0.047619 0.0238095
QOI: T_28_0 0.0238095 0 0 0 0 0.047619 0.0238095
QOI: F_28_1 0.0238095 0 0 0 0 0.047619 0.0238095
QOI: T_29_2 0.0238095 0 0 0 0 0.047619 0.0238095
QOI: F_29_0 0.0238095 0 0 0 0 0.047619 0.0238095
QOI: T_30_1 0.0238095 0 0 0 0 0.047619 0.0238095
QOI: F_30_0 0.0238095 0 0 0 0 0.047619 0.0238095
QOI: T_31_1 0.0238095 0 0 0 0 0.047619 0.0238095
QOI: F_31_1 0.0238095 0 0 0 0 0.047619 0.0238095
QOI: T_32_1 0.0238095 0 0 0 0 0.047619 0.0238095
QOI: F_32_0 0.0238095 0 0 0 0 0.047619 0.0238095
QOI: T_33_0 0.0238095 0 0 0 0 0.047619 0.0238095
QOI: F_33_2 0.0238095 0 0 0 0 0.047619 0.0238095
QOI: T_34_3 0.0238095 0 0 0 0 0.047619 0.0238095
QOI: F_34_3 0.0238095 0 0 0 0 0.047619 0.0238095
QOI: T_35_0 0.0238095 0 0 0 0 0.047619 0.0238095
QOI: F_35_0 0.0238095 0 0 0 0 0.047619 0.0238095
QOI: T_36_3 0.0238095 0 0 0 0 0.047619 0.0238095
QOI: F_36_1 0.0238095 0 0 0 0 0.047619 0.0238095
QOI: T_37_2 0.0238095 0 0 0 0 0.047619 0.0238095
QOI: F_37_2 0.0238095 0 0 0 0 0.047619 0.0238095
QOI: T_38_1 0.0238095 0 0 0 0 0.047619 0.0238095
QOI: F_38_2 0.0238095 0 0 0 0 0.047619 0.0238095
QOI: T_39_1 0.0238095 0 0 0 0 0.047619 0.0238095
QOI: F_39_0 0.0238095 0 0 0 0 0.047619 0.0238095
QOI: T_40_3 0.0238095 0 0 0 0 0.047619 0.0238095
QOI: F_40_0 0.0238095 0 0 0 0 0.047619 0.0238095
QOI: T_41_2 0.0238095 0 0 0 0 0.047619 0.0238095
QOI: F_41_0 0.0238095 0 0 0 0 0.047619 0.0238095
QOI: T_42_1 0.0238095 0 0 0 0 0.047619 0.0238095
QOI: F_42_3 0.0238095 0 0 0 0 0.047619 0.0238095
QOI: T_43_0 0.0238095 0 0 0 0 0.047619 0.0238095
QOI: F_43_3 0.0238095 0 0 0 0 0.047619 0.0238095
QOI: T_44_1 0.0238095 0 0 0 0 0.047619 0.0238095
QOI: F_44_0 0.0238095 0 0 0 0 0.047619 0.0238095
QOI: T_45_0 0.0238095 0 0 0 0 0.047619 0.0238095
QOI: F_45_1 0.0238095 0 0 0 0 0.047619 0.0238095
QOI: T_46_3 0.0238095 0 0 0 0 0.047619 0.0238095
QOI: F_46_1 0.0238095 0 0 0 0 0.047619 0.0238095
QOI: T_47_3 0.0238095 0 0 0 0 0.047619 0.0238095
QOI: F_47_3 0.0238095 0 0 0 0 0.047619 0.0238095
QOI: T_48_3 0.0238095 0 0 0 0 0.047619 0.0238095
QOI: F_48_1 0.0238095 0 0 0 0 0.047619 0.0238095
QOI: T_49_0 0.0238095 0 0 0 0 0.047619 0.0238095
QOI: F_49_3 0.0238095 0 0 0 0 0.047619 0.0238095
QOI: T_50_1 0.0238095 0 0 0 0 0.047619 0.0238095
QOI: F_50_1 0.0238095 0 0 0 0 0.047619 0.0238095
QOI: T_51_0 0.0238095 0 0 0 0 0.047619 0.0238095
QOI: F_51_3 0.0238095 0 0 0 0 0.047619 0.0238095
QOI: T_52_3 0.0238095 0 0 0 0 0.047619 0.0238095
QOI: F_52_3 0.0238095 0 0 0 0 0.047619 0.0238095
QOI: T_53_1 0.0238095 0 0 0 0 0.047619 0.0238095
QOI: F_53_1 0.0238095 0 0 0 0 0.047619 0.0238095
QOI: T_54_0 0.0238095 0 0 0 0 0.047619 0.0238095
QOI: F_54_1 0.0238095 0 0 0 0 0.047619 0.0238095
QOI: T_55_2 0.0238095 0 0 0 0 0.047619 0.0238095
QOI: F_55_3 0.0238095 0 0 0 0 0.047619 0.0238095
QOI: T_56_0 0.0238095 0 0 0 0 0.047619 0.0238095
QOI: F_56_1 0.0238095 0 0 0 0 0.047619 0.0238095
QOI: T_57_0 0.0238095 0 0 0 0 0.047619 0.0238095
QOI: F_57_2 0.0238095 0 0 0 0 0.047619 0.0238095
QOI: T_58_1 0.0238095 0 0 0 0 0.047619 0.0238095
QOI: F_58_2 0.0238095 0 0 0 0 0.047619 0.0238095
QOI: T_59_0 0.0238095 0 0 0 0 0.047619 0.0238095
QOI: F_59_1 0.0238095 0 0 0 0 0.047619 0.0238095
QOI: F_60_1 0.0238095 0 0 0 0 0.047619 0.0238095