
Total Number of Events: 122
QOI for All Events: 

QOI: F_1_1 0.0426802 -3.1104 120 4 114 2 0.998647 0.0854769
QOI: T_2_2 0.936372 2.68896 121 115 4 2 0.998751 0.085013
QOI: F_2_2 0.0419832 -3.1276 122 4 116 2 0.998847 0.0845557
QOI: F_3_0 0.0416428 -3.13609 123 4 117 2 0.998936 0.0841048
QOI: T_4_0 0.935171 2.66897 119 113 4 2 0.998535 0.0859474
QOI: F_4_3 0.0378046 -3.23679 112 3 106 3 0.997438 0.0894441
QOI: F_5_0 0.0426802 -3.1104 120 4 114 2 0.998647 0.0854769
QOI: T_6_3 0.935779 2.67906 120 114 4 2 0.998647 0.0854769
QOI: F_6_2 0.0426802 -3.1104 120 4 114 2 0.998647 0.0854769
QOI: F_7_0 0.0416428 -3.13609 123 4 117 2 0.998936 0.0841048
QOI: F_8_1 0.0400172 -3.17761 128 4 122 2 0.999286 0.0819409
QOI: T_10_2 0.939124 2.73611 126 120 4 2 0.999163 0.0827889
QOI: T_11_0 0.934545 2.6587 118 112 4 2 0.998413 0.0864249
QOI: F_11_3 0.0368096 -3.26449 115 3 109 3 0.997983 0.0879002
QOI: T_13_3 0.931162 2.60467 112 106 3 3 0.997438 0.0894441
QOI: F_13_0 0.0419832 -3.1276 122 4 116 2 0.998847 0.0845557
QOI: T_14_0 0.935171 2.66897 119 113 4 2 0.998535 0.0859474
QOI: F_14_1 0.0409776 -3.15289 125 4 119 2 0.999093 0.0832215
QOI: F_15_0 0.0400172 -3.17761 128 4 122 2 0.999286 0.0819409
QOI: T_16_3 0.933974 2.6494 116 110 3 3 0.998138 0.0874011
QOI: F_16_0 0.0437678 -3.0841 117 4 111 2 0.998281 0.0869094
QOI: F_17_1 0.0413076 -3.14452 124 4 118 2 0.999017 0.0836601
QOI: T_19_2 0.935171 2.66897 119 113 4 2 0.998535 0.0859474
QOI: F_19_1 0.043037 -3.1017 119 4 113 2 0.998535 0.0859474
QOI: T_20_0 0.830404 1.58849 94 79 2 13 0.989274 0.10052
QOI: F_20_0 0.0390405 -3.20333 80 2 76 2 0.967838 0.112284
QOI: T_21_2 0.930747 2.59821 102 97 3 2 0.994315 0.0951636
QOI: T_22_0 0.862657 1.83753 114 99 3 12 0.997816 0.0884069
QOI: F_22_1 0.0433995 -3.09294 118 4 112 2 0.998413 0.0864249
QOI: T_23_0 0.922425 2.47576 95 90 3 2 0.99009 0.0998055
QOI: F_23_0 0.0390986 -3.20179 106 3 101 2 0.995866 0.0927608
QOI: T_24_0 0.879047 1.98344 108 96 3 9 0.996475 0.0916191
QOI: T_25_1 0.933974 2.6494 116 110 3 3 0.998138 0.0874011
QOI: F_25_0 0.0461711 -3.02813 57 2 54 1 0.826965 0.144687
QOI: T_26_0 0.934545 2.6587 118 112 4 2 0.998413 0.0864249
QOI: T_28_2 0.937637 2.71039 110 105 3 2 0.996994 0.0905142
QOI: F_28_1 0.0398802 -3.18118 78 2 74 2 0.962467 0.114298
QOI: T_29_2 0.577638 0.313086 46 40 1 5 0.664691 0.175327
QOI: F_29_3 0.0437678 -3.0841 117 4 111 2 0.998281 0.0869094
QOI: F_30_3 0.0433995 -3.09294 118 4 112 2 0.998413 0.0864249
QOI: T_31_1 0.936887 2.69764 109 104 3 2 0.996745 0.0910622
QOI: F_31_1 0.0369931 -3.25933 35 1 33 1 0.451223 0.251647
QOI: T_32_2 0.773178 1.22634 84 66 2 16 0.976438 0.108539
QOI: F_32_1 0.0424694 -3.11557 72 2 68 2 0.940714 0.121022
QOI: T_33_0 0.896455 2.15844 109 99 3 7 0.996745 0.0910622
QOI: T_34_2 0.934545 2.6587 118 112 4 2 0.998413 0.0864249
QOI: T_35_3 0.933902 2.64823 117 111 4 2 0.998281 0.0869094
QOI: T_37_1 0.93611 2.68457 108 103 3 2 0.996475 0.0916191
QOI: F_37_3 0.0452539 -3.04916 91 3 86 2 0.986404 0.102751
QOI: T_38_3 0.923947 2.49723 90 86 3 1 0.985288 0.103526
QOI: F_38_0 0.0402136 -3.17251 103 3 98 2 0.99475 0.0945472
QOI: T_39_2 0.934545 2.6587 118 112 4 2 0.998413 0.0864249
QOI: T_40_3 0.935303 2.67116 107 102 3 2 0.996182 0.0921852
QOI: F_40_0 0.0407339 -3.15911 76 2 72 2 0.956239 0.116419
QOI: T_41_0 0.838248 1.64525 65 62 2 1 0.900632 0.130528
QOI: T_43_1 0.230767 -1.20399 24 23 1 0 0.254314 0.127157
QOI: T_44_1 0.108438 -2.10679 13 12 0 1 0.12393 0.0619648
QOI: T_45_3 0.938063 2.71771 124 118 4 2 0.999017 0.0836601
QOI: T_46_0 0.937514 2.70828 123 117 4 2 0.998936 0.0841048
QOI: F_47_2 0.0420333 -3.12635 73 2 69 2 0.945022 0.119822
QOI: F_48_1 0.0269182 -3.58766 30 1 29 0 0.355321 0.17766
QOI: T_49_2 0.164928 -1.62201 19 18 1 0 0.186073 0.0930364
QOI: F_49_0 0.0215755 -3.81439 20 1 19 0 0.198494 0.0992471
QOI: T_50_1 0.725913 0.973983 54 51 2 1 0.789891 0.151348
QOI: F_50_2 0.0456043 -3.04108 59 2 56 1 0.848678 0.140716
QOI: T_52_0 0.911592 2.33324 84 80 3 1 0.976438 0.108539
QOI: F_52_1 0.0263449 -3.60978 29 1 28 0 0.337214 0.168607
QOI: T_53_3 0.117247 -2.01876 14 13 0 1 0.13288 0.0664399
QOI: F_53_0 0.0376949 -3.23981 110 3 105 2 0.996994 0.0905142
QOI: T_54_0 0.068415 -2.6113 7 7 0 0 0.0804882 0.0402441
QOI: F_54_3 0.0149409 -4.1886 3 0 3 0 0.0597637 0.0298819
QOI: T_55_2 0.617586 0.479316 46 44 1 1 0.664691 0.175327
QOI: F_55_0 0.0456043 -3.04108 59 2 56 1 0.848678 0.140716
QOI: F_56_0 0.019268 -3.92985 1 0 1 0 0.0513813 0.0256907
QOI: F_57_2 0.0149409 -4.1886 3 0 3 0 0.0597637 0.0298819
QOI: T_59_1 0.0623022 -2.71143 6 6 0 0 0.0747626 0.0373813
QOI: F_61_3 0.0207452 -3.85448 18 1 17 0 0.17426 0.0871299
QOI: F_63_1 0.0252029 -3.65527 27 1 26 0 0.302434 0.151217
QOI: F_66_0 0.0166271 -4.07996 2 0 2 0 0.0554235 0.0277118
QOI: F_67_3 0.0166271 -4.07996 2 0 2 0 0.0554235 0.0277118
QOI: F_68_2 0.0118106 -4.42688 8 0 8 0 0.0866112 0.0433056
 Raw Scores: 







Final Scores:

 Total number of honest users: 0
Based on Participation 
